   1.0000000000000000E-004
    10000000
   141.66351156751000     
     1000000
         100
  -1.3432656826319140E-008
  -1.6117564816049993E-008
  -1.1694957918243104E-008
  -1.3755683767123928E-008
  -3.7160201949942936E-009
  -8.7695653183153923E-009
  -1.6828699837208872E-008
  -1.1919765558237547E-008
  -3.0848085097214589E-009
  -6.2434107174118287E-009
  -9.7828859991021723E-009
  -2.7289382601240159E-009
   2.9613007264011417E-009
   1.2117180728413035E-008
   5.9512249798130058E-009
  -8.7307175380267946E-009
  -9.3109833687516206E-009
  -1.2078514427921461E-008
  -1.7127788894255092E-009
  -1.5706329275117146E-008
  -6.6368191543225444E-009
   1.0159996873131976E-008
   1.0534047633413423E-009
   4.5298195731709505E-009
  -1.4775034274322750E-008
  -8.2998933959889456E-009
  -5.1947762043553063E-009
   3.6571401027698599E-009
  -6.0841379274977087E-010
  -7.6942492933896798E-010
  -5.1064166462649487E-009
  -3.9721939070642694E-009
  -8.6934990717837749E-009
  -7.4734478857706280E-009
  -6.9705202299076772E-009
   1.4179583462284080E-009
  -1.4568575846620237E-009
  -5.7449443113724454E-010
  -9.2503283266521321E-010
  -1.8391864395944098E-009
  -4.9660649404522219E-009
   4.7327396944428781E-009
  -4.6433358933900763E-010
  -1.3917340140647072E-008
  -5.6593801968573614E-009
   1.0511780624748213E-009
  -2.0225615459547520E-009
  -4.6109258807742615E-009
  -3.4208680595624786E-009
  -1.0722075790307259E-008
   4.0547174246850479E-009
   4.4350439422482378E-009
  -3.7061631816307544E-009
  -1.7405372557499211E-008
  -1.0793592609300355E-008
   2.9451007958014012E-010
  -1.7899948622948431E-009
   1.6038201506910693E-009
  -1.8843346977215204E-008
  -1.0846905997354049E-008
  -5.2590238006746207E-009
  -8.8394993772864436E-009
  -2.2153171921294543E-009
  -2.4228314163073836E-009
  -1.1611830302666512E-008
  -2.7233528731171747E-008
   1.8670350764332872E-009
  -5.8772718371082256E-009
  -1.2069768112723825E-008
   2.6037426475393676E-009
  -9.3326990660125316E-009
  -1.6435867548671352E-008
  -1.3427064722989173E-008
  -5.5851249780347071E-009
  -6.4728825165344852E-009
  -1.0582801668492039E-008
   7.3165473982666645E-010
   4.0511189120341007E-009
  -6.5616616804727473E-009
   4.4060867309357842E-009
  -6.7839975628949093E-009
  -9.5611270876468561E-009
  -1.5279279856692650E-008
  -1.9358157506319960E-008
  -5.8300461514641558E-009
  -9.1385176448018077E-009
   7.5528413440203136E-010
  -1.5780254666274390E-008
  -1.7812493350589106E-009
  -5.0818318820388994E-009
   1.0102644133465749E-010
  -1.7725519108696742E-008
   5.6417982227426009E-009
  -2.1601290176747592E-009
  -1.2507825208099408E-008
  -1.2939353078232902E-008
  -7.0289190362961324E-010
  -1.4800105773259784E-008
   5.8613886778413941E-010
  -1.0329684269275004E-008
  -1.7848731368562769E-008
  -1.1683075898001345E-008
  -6.0926370948641064E-009
  -2.4401358154695953E-009
  -6.2234557139366560E-009
  -2.7114007061905187E-008
  -1.4043733216602555E-008
  -3.9336896062200015E-008
   9.0745865795523100E-011
   4.7136181044749213E-009
  -8.0225759924157619E-009
   3.3488344958350638E-009
  -2.5692475372534508E-009
   3.0227185952308832E-009
  -3.0549921049820579E-010
  -1.3086062274950123E-008
  -1.8335681102095180E-009
  -1.3046406973944046E-008
  -3.9240244421338900E-009
  -3.9039723391236156E-009
  -5.8618072429769177E-009
  -4.1715170970914551E-009
  -1.5405805882445035E-008
   4.8801806286986907E-009
  -1.8472323500925516E-008
   1.1335929765865135E-009
   1.3980024864023459E-009
  -1.2016223170301668E-008
  -6.8089096445465117E-009
  -6.9499322876350967E-009
  -1.8484413864002191E-008
  -2.0394473301956776E-008
  -1.5527613314808815E-008
  -6.6719724944159672E-009
  -5.9383526964837751E-009
  -9.7549778824795453E-009
  -3.0149509128188630E-008
  -1.1806289448514766E-008
  -2.1796192515363708E-008
  -7.6932428202293482E-009
  -1.6896541111642858E-008
  -8.4211906154692959E-009
  -5.6403958302582155E-009
  -5.3187471238000955E-009
  -3.8619616117705546E-009
  -6.0558728522556899E-009
  -5.9583530584451066E-009
   7.5720598884312778E-009
  -1.4504105291774674E-009
  -1.4074917608393778E-008
  -9.1164059157551312E-009
  -4.1990160548427093E-009
   4.0615132958196209E-009
  -9.8810355698196063E-009
  -5.5859239191041226E-009
   6.5106472885994176E-009
  -1.1324302668116121E-008
  -1.8277405514884608E-009
  -3.4987191738433375E-009
  -1.5772954342709921E-008
  -1.0565767152262517E-009
  -1.6398939098535089E-008
  -1.4119567818674575E-008
  -5.4265495360644286E-009
   1.2885860974583536E-009
  -3.1575038783408505E-009
  -1.4111888571738933E-008
  -1.2750735195989120E-008
  -6.8796656601684853E-009
  -1.2033186017352400E-008
  -2.2389890102150830E-009
   9.3301120534901215E-009
  -4.9252175032781243E-009
  -2.0373929427983416E-008
   3.0333704733996135E-009
  -7.1399377423205509E-009
   5.3287112248444589E-009
  -4.2354542572629779E-009
  -2.1713898029291924E-009
  -8.6748593031381575E-009
   1.5275085838134616E-009
  -1.0141266390328464E-008
  -7.1283733576679280E-009
   1.2753242029744923E-009
  -1.5937892260048076E-009
  -7.2624458980730677E-009
   5.4892037184848614E-010
  -9.5575667057398835E-009
  -4.5804361229683468E-009
  -4.0133876506976942E-009
   5.0908066180427386E-010
  -2.0044947247015894E-010
  -5.8244237532601580E-010
   2.1034848688273725E-009
   2.7223805081900873E-009
  -3.8698561454974990E-008
  -8.9500343717653016E-009
  -8.3599306367584831E-009
  -6.4997970255962629E-009
  -2.4305514020361949E-009
  -5.4942810064295877E-009
  -1.4483376916794389E-009
  -2.9059996160700269E-009
  -4.2488728333771923E-009
  -1.3550305421405032E-008
  -2.3596330567405354E-009
  -4.2424529220331878E-009
  -1.7370400051130999E-008
  -7.2354895866824522E-009
  -7.5054737004258662E-009
  -8.9500220710985992E-010
  -1.3389203530818525E-008
   3.8088513894227079E-010
  -6.9703841987568970E-009
  -9.5272369065858062E-009
  -1.2329564343235599E-008
  -1.3045838450459377E-008
   5.2671029955137097E-009
   3.7185086102699409E-009
   5.1017600858739600E-009
  -1.8357655344183673E-008
  -2.0350825173434547E-008
  -1.7463836664158508E-008
  -6.4503222126495545E-009
  -2.2659309249275418E-008
  -8.5472963916901590E-009
  -1.2579745583142743E-008
  -1.7141610196231022E-009
  -1.4310684302544418E-008
  -1.6687053778571813E-008
   5.8685655285276817E-009
  -8.3983873596668383E-009
  -5.6357024985907773E-009
  -7.7908540045535994E-009
  -7.2608265473932840E-009
  -1.3642199529491649E-008
  -2.4839582630222118E-009
   3.7122155013584573E-009
  -2.0924909754035821E-010
  -9.5687863101950119E-009
   1.1064864162379902E-009
  -3.9922964121387461E-009
   2.7288088976868067E-009
   2.4714520437198318E-009
  -1.4367538726480343E-008
   4.1585720395376776E-009
  -3.7111968504076334E-009
   2.5048789491163604E-009
  -3.0255833365238112E-008
  -2.0254020819006831E-008
  -9.9666437969699611E-009
  -1.4418783844284228E-008
  -5.9003042519105152E-009
  -2.4828602486101540E-008
  -1.6787439257704303E-008
  -1.0797753803942288E-008
  -7.1003392073732105E-009
  -8.3123414496967977E-009
  -1.5745789463306240E-008
  -3.2411163698637235E-009
  -9.0653720255995408E-009
   9.1400173925332408E-009
  -2.1841526115442689E-009
  -1.6600603057204526E-008
  -4.9508075565859755E-009
  -1.3198139755694233E-008
   3.7611998038694927E-009
  -1.2135101243622329E-008
   1.5937511553855899E-009
  -9.7569007231610645E-009
  -1.5723955451966651E-008
  -3.4825069242986605E-009
  -1.4697488357874215E-008
  -1.2335785245313596E-008
  -8.6141779475962957E-009
  -2.2185894938203852E-009
  -1.8559507847687846E-008
  -1.4324657746602058E-008
  -2.1634352206915422E-008
  -6.9489475156332724E-010
  -5.4758313046334205E-009
   5.2664849616955436E-009
  -1.2970721280248179E-008
  -2.9795991925164239E-009
  -1.4353260837428512E-008
  -4.5125602602300926E-009
   1.5656662350585703E-009
  -1.1820847021349310E-008
  -8.6929643953578697E-009
  -9.2286349279532541E-009
  -3.7314465619723012E-008
  -1.9293476917991867E-008
  -2.9084720431798853E-009
  -1.0042642857402759E-008
  -2.1647705694606659E-009
  -1.2431766868217299E-008
  -7.7945407585617690E-009
  -3.0349550545758822E-009
  -6.9542638156316782E-009
  -1.7617480638851160E-008
  -3.6179262436574696E-009
  -7.8219838031897084E-010
  -1.0867176693461882E-008
   2.9323204406618540E-009
  -6.6498201167079943E-009
  -6.4312788835592934E-009
  -1.2185923548363749E-008
  -7.8895027975448470E-009
  -4.1288409694102520E-009
  -8.8944427556814220E-009
   2.2672092712314431E-009
   1.0665622032692372E-011
  -3.0579601146157852E-009
   5.0780186183371666E-009
   1.6960675552172822E-009
  -2.7051348765432288E-008
  -9.6430199166139859E-009
  -6.9321356526628795E-009
   4.1462111666476119E-009
  -1.1939123104217195E-008
  -1.1747594223243906E-008
   4.3622657567138015E-009
  -1.6099336071300552E-008
   9.2810339970712130E-009
   4.2977665944261054E-009
   1.0207683075991750E-008
  -8.9577613879685338E-009
   3.0119992102930204E-009
   3.6713920645439034E-009
  -4.2653900549969668E-010
  -4.8403659510039217E-009
  -4.8193965481978504E-009
  -3.1079444810568980E-010
  -8.6486092460276791E-009
  -3.3628516098430596E-009
  -8.3716612145647117E-009
  -1.0321311965065871E-009
  -1.3902568825564927E-009
  -1.2287384625204917E-008
  -1.3313769874544795E-009
  -1.4144369202007899E-009
  -3.0494459085820882E-009
  -1.8005534831635000E-008
   5.3536035279772142E-009
  -1.5638939969261938E-008
  -1.1656769797938996E-008
  -1.3422425109860297E-008
  -7.9887429680090996E-009
  -1.0627724262980904E-008
  -1.2480685203553785E-008
  -7.8130392897148507E-009
  -8.2817640122092108E-009
  -6.8417487172212422E-009
  -1.5689088746632415E-008
  -8.5112019533476892E-009
  -3.4901694488826163E-009
  -1.1014754221287643E-009
   3.0716315031175272E-009
  -1.7032634122878904E-008
  -2.6268231368416214E-008
   9.0263804027028882E-011
  -1.9406074962017100E-008
   2.8348358399163507E-009
  -6.6897628766280709E-010
   3.3244641925112514E-009
  -1.1332543984585236E-008
  -2.7700651579637585E-008
  -2.1536026428688497E-008
  -3.1766806175101861E-008
  -5.0609395917556856E-009
   1.3632942090097135E-009
   6.5798081211740867E-009
  -1.2070763933004851E-008
  -1.0509094202115851E-008
  -6.0658900952984047E-009
  -1.3802404823645428E-008
   4.0458658249662917E-009
  -2.9341504299969761E-009
   4.1937915913129210E-009
  -8.9703982750277943E-009
  -8.7090723200813350E-009
  -2.6338712289331558E-009
  -1.3155856595484858E-009
  -1.7527361165295500E-008
  -1.5041657738855342E-008
  -7.3143420845967109E-009
  -4.4099411544340096E-009
  -7.5849654642065800E-009
  -9.8956969801703821E-009
  -6.2607325083069809E-009
  -7.5363192870575860E-009
  -1.2610297959392617E-009
  -1.1834416529027659E-008
  -2.4065372762463087E-009
  -1.4954571086252838E-008
  -4.4447664675856003E-009
  -1.9245351168168039E-008
  -2.6708887644506138E-009
  -2.4642065325641149E-008
   1.9007793288115468E-009
  -1.1600419900364885E-008
  -2.0847596977036453E-008
  -1.0718369733947243E-008
  -1.0354751951319952E-008
  -9.3095915995430993E-009
  -1.2717760478696295E-009
  -2.0878168874082396E-009
  -3.5667118720090789E-009
  -1.3799329057106572E-008
  -3.6854158311548569E-008
   1.6359531856016582E-009
  -1.2037130116739554E-008
  -3.0138142466350521E-009
  -3.6061877180419106E-009
  -6.1054453306289649E-009
  -1.2108383937899055E-008
  -9.4534517243834551E-009
  -7.0001291149953572E-009
  -4.1518515187394140E-009
  -2.3789436090740054E-008
  -8.7474098450091078E-009
   4.7575208292341897E-009
  -6.6237496189458637E-009
   4.1699754063385071E-009
  -1.0059353466231746E-009
  -5.1118386648102317E-009
  -1.0586746726321639E-008
  -1.6305451055852037E-008
   1.2673554586090070E-009
  -7.1980504770443878E-009
  -2.6980387836455991E-009
   2.7491890442555439E-009
   1.2187262108168936E-009
   5.3468688272776466E-009
  -1.2897981971144908E-008
  -1.2629761729820392E-008
  -1.4216662082684277E-008
  -1.6693402480085974E-008
  -1.1065912558083825E-008
  -1.3134967298894084E-008
  -4.7635029933362115E-009
   1.4461789966123086E-010
   3.7114005097706156E-009
   2.0402478243358608E-009
  -6.0882457259609934E-009
  -2.6373062608146105E-008
  -1.4123651749892509E-009
  -8.5217649974949328E-010
  -7.2245385227330676E-009
  -1.7310405314168392E-008
  -1.4492420445789286E-009
   2.0687688139428300E-009
  -7.4399764317812708E-009
  -4.0715550679242598E-009
  -5.9517714989212391E-009
  -7.3803651191532475E-009
  -1.9230769477516387E-008
   2.1744693178365485E-009
  -1.5901908139000925E-008
  -1.7064526931564240E-008
   4.6160237020750577E-009
  -2.9611080160369092E-009
  -5.8334639250468642E-009
  -7.6227897866990373E-009
  -4.9584512097492131E-009
  -1.4097792187048970E-008
  -6.3246683641303806E-010
  -7.7162135605363839E-009
  -1.9604637628077424E-009
  -6.9876558613430580E-009
  -8.8133354885562262E-009
   5.8666610494328779E-011
  -1.4852430415134571E-008
  -4.7731632621362557E-009
  -8.1529576977987980E-009
   4.0003083641125467E-009
  -5.0895681509456379E-009
  -2.8235821193297552E-009
  -3.5228344037184532E-009
  -1.0528675467711639E-008
  -2.7072975188249255E-009
  -1.2372302035311755E-008
   5.3642811560669673E-009
  -3.2472980229311393E-009
  -1.1815367248610547E-008
  -1.0932093233629484E-008
  -7.7922371369860633E-009
   8.0511845658149510E-009
   3.9289553413931425E-010
  -2.2474840220013543E-009
  -2.8099512289456691E-009
  -6.4316521020890786E-009
  -8.1909272434232138E-009
  -2.4172609179491478E-008
  -4.5726206530111067E-009
  -8.6874283966056225E-009
  -8.1475745690147420E-009
   6.0882689469937835E-009
  -6.3834678684770727E-009
  -3.8128925234851850E-009
  -4.8836428028230164E-009
  -9.4504352886896667E-009
  -6.0787970750014075E-009
  -3.3995834887777492E-009
  -7.0399758297954884E-009
  -8.8278287386724221E-009
  -5.5492674269043652E-009
   4.1264913957981321E-009
  -4.0092534126356887E-009
  -7.5112154048260583E-010
   1.6880589904632909E-009
  -1.8653894151282224E-008
   3.5573520460791785E-009
  -1.8873626897920333E-009
  -5.2040309110126895E-009
  -7.2108090253306042E-009
   3.2053704275207210E-009
   2.0955418046428516E-009
  -1.0084743618298633E-008
  -5.7033938153378985E-009
  -5.4869997250466241E-009
  -1.4545284414757546E-008
  -1.2198981792984906E-010
  -1.6055808255813426E-008
  -5.9966938038808128E-009
  -8.3442983307409624E-009
  -6.5970749244770446E-009
  -1.9181384495090630E-008
  -4.6132268953400375E-009
   1.1366347214227177E-009
  -1.5713892109687692E-008
  -9.9898075205710524E-009
  -7.6829972649267802E-009
  -1.7558053266647468E-008
  -1.4304063948701000E-008
  -1.8496159751036762E-009
  -2.9842759318918161E-009
  -4.6844137270348956E-009
   8.0286351219472852E-009
   8.8328087848330744E-010
  -6.4611460961605768E-009
  -2.0610901795132209E-010
  -1.3445321376042822E-008
  -3.2647381930971495E-009
  -9.3588097375099907E-009
  -8.0489902918859670E-009
  -6.5412706064385446E-009
  -2.9805414082808231E-008
  -4.1077199123613783E-009
  -7.7096793958851020E-009
   3.6374751200585998E-010
   5.0329446120027249E-009
  -7.1538302107036530E-009
  -5.8087852171225687E-009
  -5.3764135080097527E-009
  -9.6742844500116665E-009
  -1.6050222293741076E-008
  -1.2408341780844165E-008
  -2.0296597901832168E-008
  -4.6447655817343575E-009
  -1.1279510701503785E-008
   8.4282613171238513E-009
  -7.5656179066252207E-009
  -2.6099245117175012E-009
   4.3415077101800054E-009
   4.4918368535909241E-009
  -2.4698350892893795E-008
  -1.8665632516701759E-008
  -6.0015572199628055E-009
  -8.8674437609333450E-009
  -1.2294450590165407E-008
   1.0638282275162967E-008
  -1.6173610040367083E-008
  -1.0093343288550947E-008
  -2.0802675080310671E-008
  -1.1797104389449032E-008
  -1.5188300335877601E-008
   2.2917793862941321E-009
  -9.5666853705944004E-009
  -1.1051625502938845E-008
   1.1554088949118519E-009
   7.9212565526761610E-009
  -5.8444993087140421E-009
   5.0058217799695433E-009
  -9.5037393218584047E-009
  -7.7737270229475152E-009
  -6.7837947916400881E-009
   5.2749610906413771E-010
  -1.2547165447182031E-008
  -1.4109771008863029E-008
  -6.4976860158501029E-009
  -1.8190749022778718E-008
  -4.2898569106056248E-009
  -6.1968503395638604E-009
  -2.9957393942133245E-009
  -9.7186371162325784E-009
   3.9550262422349435E-009
  -3.7424104955654987E-009
   5.1141478932068077E-009
  -1.4190840898124006E-008
  -1.5116974591037151E-008
  -1.0881312714113702E-008
   4.5202587847675015E-010
   1.0485351311771663E-009
  -1.3303988714693766E-008
  -1.2742453438052037E-008
  -6.9525296914196068E-009
  -6.9133275532283286E-009
   5.2747057668320648E-009
  -1.3066568467933005E-008
   1.1017755622853275E-009
  -5.2218638363389608E-010
  -2.6492147251890691E-008
  -1.8964158142595533E-008
   3.5493791534004011E-009
  -4.6176865786418770E-009
  -6.0420902157558876E-009
   1.0910165932440242E-008
  -1.2121925839469446E-008
  -4.1128682227706216E-009
  -2.5201466345814663E-009
  -4.2284638699857818E-009
   4.3449790360006159E-009
  -1.0681124844596192E-008
  -2.7562355589434509E-009
   2.0041945583212679E-009
   1.9515870628130763E-009
   7.0587181034506046E-009
  -1.1982625773157660E-008
  -5.2582546211898377E-009
  -1.0474906654417974E-008
  -1.7447799627940193E-009
  -6.2787832612481847E-009
  -1.3332123938504756E-008
  -4.5921715657971131E-009
  -1.1035655052197153E-008
   6.1710527937178939E-009
   1.1942052768288059E-009
  -1.8898636145467125E-009
  -6.3588666962979091E-009
  -7.9981545483878022E-009
   3.4334162849030133E-009
  -3.8733058636894744E-009
   7.7477733623018043E-009
  -1.5129833027364969E-010
  -4.0919779427250581E-009
  -5.2956128069266034E-009
  -4.1580466581985443E-010
  -8.2958672962281087E-009
  -5.8598127535340066E-009
   9.0830717903850932E-009
  -9.7733517299591869E-009
  -7.2251958903942847E-009
  -1.4844690498167420E-008
  -4.0105948307688682E-009
  -3.0472213367669471E-010
  -1.2638167473391803E-008
  -1.0156347658027253E-008
   9.9086592432456635E-010
  -9.6261762018746059E-009
  -4.7219535211710236E-009
  -7.4522545695542324E-009
   1.4527772492044698E-009
  -2.8465052035238895E-009
  -9.7683899360923307E-009
  -2.4525514447625784E-009
  -3.5298631830790987E-008
  -1.0414964437336539E-008
  -1.9479001952461536E-008
  -5.9207507333983706E-009
   7.1372919051897345E-009
  -1.9414682071584204E-008
  -1.0413579366676369E-008
  -3.5385935686854759E-009
  -8.1477803182433003E-009
  -1.1467065854198357E-008
   1.8643228454168749E-010
  -1.2851980638348694E-008
  -8.5285404288670935E-009
  -4.2912156343190762E-010
   3.5152865360544056E-009
  -2.8504608687858503E-009
  -1.0355800404281812E-008
  -6.3593892305260368E-009
   2.5953738121584179E-009
   6.1220164034628056E-011
  -2.2051977676137622E-009
  -6.1611246955046512E-009
  -1.2982921385830238E-008
  -1.0855157339253686E-008
  -6.6517061973897087E-009
  -5.5278118035064595E-009
  -8.8413099894377911E-009
  -6.1861179461165544E-009
  -4.6376302428924906E-009
   2.7450921786207014E-009
   7.4806803967104036E-009
   3.7961640630571311E-009
  -5.0353003499613052E-010
  -1.2575299659368971E-008
  -1.4403336921750373E-008
  -1.1380498947342821E-008
  -1.0748071086898565E-008
   2.5068385353194433E-009
  -1.0868405314438918E-008
  -4.1037645610494225E-009
  -1.3381039391695135E-008
  -7.5268985712961124E-009
  -1.2691041125677231E-008
  -4.5188286301154662E-009
  -2.2338943947545468E-009
  -2.6154199595239942E-009
  -2.0886147358537873E-008
   2.6607346908273657E-009
  -3.1288599755287915E-008
  -5.4577671257369590E-009
  -8.2220736486678474E-009
  -9.3988721007421312E-010
   4.2474911547727173E-009
  -5.0221979515432308E-009
  -1.3011551726021443E-008
  -2.2491185181749879E-010
  -2.0421548565388173E-008
  -6.9003092399317926E-010
  -8.3039354237110052E-009
  -1.9638339079241023E-008
  -6.8245371595487211E-009
   6.3388633085189176E-010
  -1.1946267352265699E-008
  -7.9957065813937037E-009
  -7.6280832269657759E-009
   7.7735651688546359E-009
   9.5108499270729730E-009
   1.1427882370875268E-009
  -6.4829648993848949E-009
  -1.6574133075359836E-008
  -2.3265616483504512E-010
  -1.1825855146910210E-008
   8.4437542234944957E-009
   5.2221213595367048E-010
  -1.0753631068390770E-009
  -3.3304166188551097E-009
  -2.9542345074310931E-009
   2.2725175880431212E-009
  -5.9453697296806871E-009
  -2.2515630930801964E-008
  -4.2913264010267776E-009
   1.1156030112540583E-009
  -5.5889506011387750E-009
  -2.7154471495242819E-009
  -5.6684625876730891E-009
  -7.7655890851500132E-009
  -3.4365254563280629E-009
  -2.3271297822027721E-010
  -3.7121300989064185E-009
  -7.8088466106739218E-009
  -8.4295837127406673E-009
  -1.7688466775954441E-008
  -1.3901660096367398E-008
  -9.7865937165974317E-009
  -8.0513246130951572E-009
  -9.4269245142945658E-009
  -1.2736040217732756E-008
  -7.5695722055613291E-009
  -2.9024519418525450E-009
  -1.1954766862056708E-008
   1.8861494895410890E-009
  -6.4645295426937966E-009
  -9.4231692238307777E-009
  -4.8651106396679101E-009
   2.3496189679699819E-009
   2.4830362652407393E-009
  -1.0594720329377516E-008
  -8.4242028255723581E-009
  -1.1517140026764446E-009
   8.5481295482212179E-011
  -9.8689344726617030E-010
   7.3476905419467437E-009
   1.9849750846712096E-009
  -4.9161938279773656E-009
  -9.5777489193753915E-009
   5.9812360237392455E-009
   1.8689976729589320E-009
  -1.6169767170573728E-008
  -2.6734133156513850E-008
  -2.8888143352229703E-009
  -1.9722088909147458E-010
  -3.1091712921023309E-009
  -1.5993908898375761E-008
  -1.2587581020760368E-008
  -1.0966588618401641E-008
  -7.6763104320985320E-009
  -4.8284042614235927E-009
  -1.9051125367105777E-008
  -8.4942214268153071E-009
  -1.8146371826670247E-008
  -2.3282925415828467E-009
  -3.0448965751063533E-009
  -6.7330488029462085E-009
  -6.5766274030446139E-009
  -4.0164468829406501E-009
   2.5787223640438289E-009
  -4.1152484179636093E-008
  -1.3757581543477237E-008
  -3.7355509670030915E-009
  -1.6362680089493070E-008
  -3.9102041458857236E-010
   1.1094952121208213E-009
   5.2858321069548266E-009
  -7.6601039224100289E-009
  -2.8413536841148366E-009
  -7.8010203964933412E-009
  -6.5798967029233317E-009
  -1.4316686768122639E-008
  -6.3249180129907167E-009
   4.8438882873754133E-009
   1.6867127962550307E-009
  -8.4148234015859049E-009
  -8.5850891419435436E-009
  -8.5446323352589144E-009
  -7.7779209921363511E-009
  -1.3983138850984542E-008
   2.2715880104438454E-010
   1.8125727233425771E-009
   1.7596857615422058E-009
   8.1130214544840409E-009
   1.3143813300595655E-008
  -5.4198272779306098E-009
   1.4571758988560612E-009
   4.2295442444449395E-009
  -1.4022629224551333E-008
   3.8114992750633849E-010
   2.4682040508690689E-009
   3.4785348133479959E-009
   4.0094647907732004E-009
  -5.3548384228667409E-009
  -1.0787075801286921E-008
  -2.7628752488116922E-009
   5.8896245938019071E-009
  -7.5496944214385892E-009
  -9.8117971040761511E-009
  -1.2232214240840606E-008
  -1.0582894366310729E-008
   3.2606472930405365E-009
   3.9072472829848188E-009
  -2.4256013549486581E-008
   3.3018230817257351E-009
   6.0582267586768772E-009
  -2.0596842123947335E-008
  -2.7639801283631367E-009
  -6.2358310306233217E-009
  -1.4199444367877011E-008
  -1.7648201162218106E-009
  -4.9514742286111183E-009
  -8.7483389489177381E-009
  -1.5248752866725299E-008
  -1.3911629715538942E-008
   4.8345656661539693E-009
  -4.8761127222099000E-009
  -7.9179782155074360E-009
  -4.9989226269626692E-009
  -1.2864039137264125E-008
   1.9797258020044973E-009
   1.1329413642770751E-008
  -3.4305298312485353E-009
  -7.4707377157760667E-009
  -5.4992783409613093E-009
  -9.3402741618442207E-009
  -5.9283939525058792E-009
  -1.1078172667354623E-008
  -2.2249617001699536E-008
   8.7983793790617002E-009
  -9.0049812636329540E-009
   1.7097152182984102E-009
  -4.0549710521890570E-009
  -3.4144061895208620E-009
  -1.0810943847275495E-008
  -2.7200112700635110E-009
  -1.3269859670490216E-008
  -6.2955983644285279E-009
  -1.5691600186477517E-008
  -8.5621175733312887E-009
  -1.9993241192092487E-008
  -3.5593413742836854E-009
  -1.2100240888458862E-008
  -6.1657090449918270E-009
  -3.0133559621657119E-008
  -1.0804598180255087E-009
  -2.3508710233324648E-008
  -2.1155131434460743E-009
   3.7158319990684555E-009
   5.7973858564056059E-009
  -6.7515181350107247E-009
  -2.0659760357354330E-008
  -2.2616061969176351E-008
  -3.7423606694863616E-009
  -5.4890495684043074E-011
  -1.6039270544816349E-008
  -1.8553822979330479E-008
   4.9583358049650821E-009
